title:Исследование устойчивости метода максимального правдоподобия
xlabel:Доплеровское смещение, Гц
ylabel:Критерий выраженности главного максимума
pointX:0 10 20 30 40 50 60 70 80 90 100 110 120 130 140 150 160 170 180 190 200 210 220 230 240 250 260 270 280 290 300 310 320 330 340 350 360 370 380 390 400 410 420 430 440 450 460 470 480 490 500 510 520 530 540 550 560 570 580 590 600 610 620 630 640 650 660 670 680 690 700 710 720 730 740 750 760 770 780 790 800 810 820 830 840 850 860 870 880 890 900 910 920 930 940 950 960 970 980 990 
pointY:848.37 225.606 236.939 244.732 247.424 243.548 248.601 249.283 248.653 250.3 251.89 254.136 253.211 253.233 254.606 259.906 263.339 262.841 261.887 265.998 269.608 273.835 273.384 277.563 283.693 286.409 290.544 293.076 303.061 305.848 305.407 309.132 311.923 313.163 310.83 310.964 306.65 304.995 299.646 296.067 291.417 289.583 289.81 285.231 281.016 279.259 281.563 277.771 278.13 278.372 281.984 278.111 278.701 278.426 281.38 283.459 285.159 288.489 289.602 290.589 292.179 290.277 295.3 295.214 297.156 296.673 296.289 294.501 296.729 296.016 294.393 291.42 291.365 291.23 290.686 286.607 285.696 286.299 286.055 285.21 281.649 281.116 282.552 281.377 281.066 278.08 281.905 282.429 285.679 282.406 283.301 287.556 287.714 287.262 287.882 291.364 292.964 292.697 291.85 291.454 
label:AM
pointX:0 10 20 30 40 50 60 70 80 90 100 110 120 130 140 150 160 170 180 190 200 210 220 230 240 250 260 270 280 290 300 310 320 330 340 350 360 370 380 390 400 410 420 430 440 450 460 470 480 490 500 510 520 530 540 550 560 570 580 590 600 610 620 630 640 650 660 670 680 690 700 710 720 730 740 750 760 770 780 790 800 810 820 830 840 850 860 870 880 890 900 910 920 930 940 950 960 970 980 990 
pointY:1247.52 384.083 386.346 381.227 383.033 380.956 375.617 370.838 365.096 363.016 356.292 348.646 341.153 331.845 331.647 324.962 318.87 320.749 320.117 325.797 329.38 336.512 339.394 346.314 351.087 355.934 365.654 366.508 372.281 373.333 378.45 384.801 388.481 393.951 395.544 400.495 406.327 408.176 412.728 407.3 414.25 417.973 409.297 401.519 401.943 388.521 379.602 369.209 360.13 352.871 370.879 350.096 355.614 357.029 368.266 371.669 375.983 378.487 380.053 379.094 378.636 376.581 372.418 367.367 366.113 364.479 361.981 361.776 359.262 366.164 371.513 374.449 377.626 383.372 388.092 386.042 385.986 385.281 380.955 372.156 364.287 358.584 355.744 351.499 356.427 357.685 358.592 369.391 375.596 376.734 382.177 383.339 386.725 381.845 379.76 376.239 381.707 375.177 376.703 376.473 
label:PM2
pointX:0 10 20 30 40 50 60 70 80 90 100 110 120 130 140 150 160 170 180 190 200 210 220 230 240 250 260 270 280 290 300 310 320 330 340 350 360 370 380 390 400 410 420 430 440 450 460 470 480 490 500 510 520 530 540 550 560 570 580 590 600 610 620 630 640 650 660 670 680 690 700 710 720 730 740 750 760 770 780 790 800 810 820 830 840 850 860 870 880 890 900 910 920 930 940 950 960 970 980 990 
pointY:256.809 202.224 225.907 240.589 249.824 257.464 265.39 270.092 273.751 277.281 281.345 281.675 284.051 285.62 287.652 289.845 288.43 289.31 291.457 293.925 294.974 295.875 294.382 294.369 296.891 298.436 295.715 296.069 296.346 295.55 296.917 297.834 296.858 296.182 294.972 295.95 294.612 298.178 298.53 296.233 295.672 295.136 296.487 295.334 298.96 294.146 293.749 295.592 295.381 294.359 292.724 297.953 295.86 296.112 295.011 293.378 297.287 292.004 297.361 294.894 297.184 294.231 295.384 295.942 294.111 292.869 290.256 289.156 293.537 294.71 293.499 292.92 296.289 297.607 295.284 294.04 296.16 296.34 295.529 296.294 296.379 295.785 297.267 294.526 296.987 296.026 294.617 296.714 295.847 295.873 292.904 295.859 295.873 293.637 294.567 293.55 290.015 289.016 285.219 285.06 
label:MFM